image: maze_5x5.png
resolution: 0.0333333333333
origin: [-4.5, -4.5, 0.000000]
negate: 0
occupied_thresh: 0.65
free_thresh: 0.196
